		media			tau(n)			tau(t)			sigma
U:	1.77054423814	29.8344337766	0.26850990399	0.00659022802501
P:	1.07117761976	23.7973814876	0.214176433389	0.000799585169119
E:	2.80532189475	21.9439969019	0.197495972117	0.000874719485295
T:	0.68985177107	29.7168857158	0.267451971442	0.00426913958203