		media			tau(n)			tau(t)			sigma
U:	1.7719356341	95.893585926	0.287680757778	0.00592621501325
P:	1.07079861999	65.2164804001	0.1956494412	0.000708463457376
E:	2.80487936699	65.349157503	0.196047472509	0.000886632426677
T:	0.688629155262	89.8800290185	0.269640087055	0.00372413072865