		media			tau(n)			tau(t)			sigma
U:	1.77376524409	8.77405613393	0.236899515616	0.00519329860596
P:	1.07047279891	6.25982806002	0.169015357621	0.000666798050807
E:	2.8057251776	5.79312423423	0.156414354324	0.000697674990256
T:	0.687973289008	8.580788153	0.231681280131	0.0034003619942