		media			tau				sigma
U:	2.09164500252	2.38981389896	0.0379736636333
P:	40.469703104	4.82715018428	8.57229177998
E:	121.091868744	4.82758900316	25.7277855274
T:	79.3334824944	4.82713317653	17.1278833101