		media			tau(n)			tau(t)			sigma
U:	1.77330231037	2.78091315997	0.225253965957	0.00480406704257
P:	1.06926684067	2.64283671537	0.214069773945	0.000787684732937
E:	2.80194522913	10.4327266135	0.845050855692	0.00216460989248
T:	0.685761945841	2.80762679553	0.227417770438	0.0031448332695