		media			tau(n)			tau(t)			sigma
U:	1.76327537069	264.230619128	0.264230619128	0.00573046273368
P:	1.07088382588	172.697904313	0.172697904313	0.000628560605827
E:	2.80439114155	209.543765209	0.209543765209	0.000819557821933
T:	0.694077180578	253.415250895	0.253415250895	0.00364030840475